2633.27685546875,163.88
2620.130859375,164.679
2593.02905273438,165.48
2594.62231445313,166.281
2587.57763671875,167.081
2569.93823242188,167.88
2558.76391601563,168.68
2546.3955078125,169.479
2536.06640625,170.279
2523.73681640625,171.08
2503.20654296875,171.88
2500.74389648438,172.68
2492.87109375,173.479
2477.64697265625,174.28
2451.26513671875,175.08
2455.001953125,175.881
2445.35888671875,176.68
2417.32666015625,177.479
2425.10571289063,178.28
2410.90698242188,179.08
2401.18408203125,179.88
2390.94580078125,180.68
2383.90478515625,181.479
2351.236328125,182.28
2366.7880859375,183.081
2348.70751953125,183.88
2327.5341796875,184.68
2328.82202148438,185.48
2319.62060546875,186.281
2315.0615234375,187.08
2286.77392578125,187.882
2290.73022460938,188.681
2280.29150390625,189.481
2277.69482421875,190.281
2261.59350585938,191.08
2251.47680664063,191.879
2222.447265625,192.68
2214.14208984375,193.48
2204.73413085938,194.281
2194.90161132813,195.08
2206.51098632813,195.88
2177.15112304688,196.68
2168.498046875,197.48
2158.72607421875,198.28
2133.5498046875,199.079
2164.7587890625,199.879
2126.30908203125,200.681
2132.2734375,201.481
2117.8681640625,202.28
2113.58935546875,203.08
2086.8525390625,203.881
2090.89013671875,204.681
2083.6494140625,205.479
2069.02368164063,206.28
2068.06079101563,207.08
2090.84643554688,207.879
2050.87109375,208.679
2043.56127929688,209.48
2036.06396484375,210.281
2028.31713867188,211.08
2022.21459960938,211.881
2012.87121582031,212.68
2022.69018554688,213.48
1998.53588867188,214.279
1994.98059082031,215.08
1981.57006835938,215.88
1976.03247070313,216.68
1966.6904296875,217.479
1960.197265625,218.279
1954.44909667969,219.081
1950.74096679688,219.879
1939.5439453125,220.68
1934.07946777344,221.48
1925.81982421875,222.28
1919.19287109375,223.08
1911.3134765625,223.879
1904.97314453125,224.68
1900.60522460938,225.48
1898.30810546875,226.279
1904.5693359375,227.078
1878.740234375,227.88
1871.70727539063,228.68
1867.19348144531,229.478
1858.6650390625,230.28
1852.15319824219,231.079
1846.04431152344,231.88
1839.92504882813,232.679
1832.9228515625,233.479
1827.16357421875,234.278
1821.12158203125,235.079
1815.158203125,235.879
1808.53466796875,236.68
1802.68786621094,237.481
1797.14624023438,238.281
1791.14282226563,239.08
1784.93481445313,239.88
1778.79125976563,240.68
1773.03979492188,241.48
1767.38720703125,242.281
1761.13452148438,243.079
1755.90124511719,243.881
1750.40478515625,244.68
1744.40661621094,245.481
1739.33618164063,246.279
1733.658203125,247.08
1728.15515136719,247.88
1722.26391601563,248.68
1717.05029296875,249.479
1712.06481933594,250.28
1706.67980957031,251.079
1701.37365722656,251.881
1695.63452148438,252.681
1690.14001464844,253.481
1685.23950195313,254.28
1679.71508789063,255.08
1675.22644042969,255.88
1669.49108886719,256.682
2632.5771484375,163.497
2619.96142578125,164.304
2607.224609375,165.136
2594.68920898438,165.901
2582.3369140625,166.7
2570.19018554688,167.5
2558.59912109375,168.301
2546.14892578125,169.105
2535.52490234375,169.898
2523.3466796875,170.705
2511.3310546875,171.498
2500.00341796875,172.299
2489.05859375,173.1
2477.2900390625,173.903
2466.4365234375,174.702
2455.10546875,175.503
2444.80493164063,176.301
2433.42236328125,177.103
2422.09326171875,177.888
2411.32202148438,178.705
2400.50854492188,179.499
2390.8447265625,180.335
2379.62475585938,181.101
2369.6259765625,181.887
2360.51391601563,182.703
2349.86572265625,183.496
2340.07470703125,184.304
2329.68994140625,185.1
2319.671875,185.932
2309.703125,186.701
2299.45239257813,187.499
2290.4072265625,188.3
2280.63745117188,189.103
2251.09643554688,189.887
2261.3662109375,190.705
2251.68115234375,191.5
2222.19091796875,192.33
2212.55859375,193.101
2224.31323242188,193.885
2216.01416015625,194.732
2206.6533203125,195.488
2176.8642578125,196.333
2189.3974609375,197.093
2179.69311523438,197.897
2171.88623046875,198.701
2142.85595703125,199.494
2133.0849609375,200.292
2124.62744140625,201.099
2115.63623046875,201.924
2107.70458984375,202.701
2099.94580078125,203.497
2091.71923828125,204.323
2083.28759765625,205.124
2075.34326171875,205.88
2067.818359375,206.696
2060.21215820313,207.489
2052.0087890625,208.295
2044.20581054688,209.087
2036.5263671875,209.897
2027.47290039063,210.722
2021.42016601563,211.497
2012.96069335938,212.288
2005.25708007813,213.103
1997.39624023438,213.885
1990.25512695313,214.698
1983.08862304688,215.493
1975.6240234375,216.296
1967.79895019531,217.099
1960.7548828125,217.895
1954.28930664063,218.696
1947.92041015625,219.493
1940.30932617188,220.297
1931.94775390625,221.089
1925.88427734375,221.895
1918.4697265625,222.685
1911.31274414063,223.494
1904.75048828125,224.311
1898.17614746094,225.099
1891.43139648438,225.888
1884.57751464844,226.689
1877.82263183594,227.49
1871.76306152344,228.292
1864.7470703125,229.091
1858.28955078125,229.889
1852.29443359375,230.706
1846.21313476563,231.489
1839.9892578125,232.277
1833.44946289063,233.09
1827.49975585938,233.88
1821.5068359375,234.694
1815.23913574219,235.491
1809.20739746094,236.329
1802.71362304688,237.089
1797.30004882813,237.905
1791.04028320313,238.72
1784.33422851563,239.502
1778.74182128906,240.3
1772.94604492188,241.114
1767.7080078125,241.909
1761.48876953125,242.721
1756.20251464844,243.499
1750.30310058594,244.321
1744.45434570313,245.11
1739.42041015625,245.917
1733.337890625,246.746
1728.26208496094,247.522
1722.51196289063,248.324
1716.86352539063,249.122
1711.78344726563,249.924
1706.61413574219,250.74
1701.63671875,251.525
1695.43786621094,252.34
1690.23522949219,253.14
1685.12524414063,253.986
1679.939453125,254.755
1673.91943359375,255.558
1669.25036621094,256.377
1664.39208984375,257.187
1659.48193359375,257.952
1654.357421875,258.755
1649.84545898438,259.582
1644.48596191406,260.36
1639.69641113281,261.16
1634.38879394531,261.963
1629.96984863281,262.746
1624.97998046875,263.561
1619.01538085938,264.347
1614.52734375,265.185
1609.80981445313,265.952
1605.60620117188,266.754
1600.60375976563,267.553
1595.35729980469,268.352
1590.74633789063,269.15
1586.33178710938,269.96
1582.166015625,270.785
1577.23828125,271.558
1573.03112792969,272.381
1567.68737792969,273.188
1563.65600585938,273.951
1559.115234375,274.76
1554.97509765625,275.549
1549.60766601563,276.346
1545.12182617188,277.187
1541.36157226563,277.927
1536.65161132813,278.73
1532.62902832031,279.518
1528.05981445313,280.329
1523.357421875,281.124
1519.15795898438,281.928
1514.62109375,282.698
1511.111328125,283.522
1506.90612792969,284.349
1503.01635742188,285.121
1498.80334472656,285.916
1494.15405273438,286.728
1490.23718261719,287.542
1486.07470703125,288.329
1481.8837890625,289.112
1478.07373046875,289.926
1473.59301757813,290.725
1469.91674804688,291.527
1466.00805664063,292.326
1461.6796875,293.122
1457.81030273438,293.925
1453.92651367188,294.751
1449.42236328125,295.523
1446.16577148438,296.315
1441.94946289063,297.154
1438.91784667969,297.928
1434.12609863281,298.757
1431.07861328125,299.521
1427.52661132813,300.325
1422.89379882813,301.15
1419.95922851563,301.925
1416.15734863281,302.724
1412.10974121094,303.524
1408.60302734375,304.329
1405.28857421875,305.115
1401.27966308594,305.93
1397.34033203125,306.722
1394.43920898438,307.526
1390.07836914063,308.317
1386.78369140625,309.16
1383.43603515625,309.921
1380.013671875,310.717
1376.22485351563,311.55
1372.85278320313,312.32
1369.10485839844,313.119
1365.98388671875,313.926
1362.45227050781,314.729
1359.15246582031,315.518
1356.15380859375,316.328
1351.525390625,317.117
1348.44641113281,317.925
1345.11206054688,318.76
1341.87255859375,319.526
1339.2197265625,320.321
1335.50805664063,321.155
1332.4794921875,321.919
1329.31201171875,322.727
1325.33862304688,323.532
1321.9306640625,324.345
1318.94018554688,325.124
1317.24890136719,325.914
1306.55981445313,326.722
1309.83972167969,327.528
1299.19323730469,328.329
1296.19506835938,329.122
1293.56640625,329.955
1290.41235351563,330.72
1294.0078125,331.531
1284.25122070313,332.325
1280.67834472656,333.159
1287.50573730469,333.925
1279.0078125,334.753
1278.74853515625,335.527
1275.25158691406,336.325
1269.20336914063,337.123
1269.49731445313,337.93
1266.95751953125,338.713
1256.60729980469,339.531
1253.37060546875,340.326
1258.16235351563,341.114
1247.65747070313,341.932
1252.35949707031,342.711
1241.9140625,343.53
1247.18994140625,344.316
1236.09887695313,345.129
1233.1455078125,345.949
1230.31640625,346.727
1227.04150390625,347.557
1225.328125,348.347
1221.9345703125,349.128
1226.04077148438,349.918
1216.05944824219,350.727
1214.97033691406,351.519
1218.03393554688,352.326
1209.3720703125,353.116
1211.00561523438,353.928
1208.59716796875,354.712
1199.82946777344,355.522
1197.07409667969,356.349
1200.9453125,357.131
1191.98681640625,357.956
1189.77124023438,358.72
1187.7109375,359.552
1185.03527832031,360.335
1181.98059082031,361.154
1177.91259765625,361.931
1175.55688476563,362.715
1173.02526855469,363.53
1171.59033203125,364.33
1168.19262695313,365.12
1165.17895507813,365.919
1164.48181152344,366.732
1160.43444824219,367.519
1158.14453125,368.328
1154.58056640625,369.117
1152.30419921875,369.928
1149.74206542969,370.719
1147.98083496094,371.512
1146.57373046875,372.323
1150.603515625,373.129
1147.24621582031,373.918
1138.24682617188,374.717
1135.46704101563,375.527
1133.2978515625,376.354
1130.88989257813,377.126
1129.06494140625,377.92
1125.68139648438,378.767
1123.53869628906,379.546
1121.19018554688,380.359
1118.96850585938,381.133
1116.95788574219,381.951
1122.04956054688,382.729
1111.87524414063,383.523
1109.60327148438,384.328
1108.05932617188,385.132
1112.75183105469,385.953
1101.958984375,386.733
1099.72155761719,387.525
1098.77172851563,388.326
1095.49401855469,389.134
1093.47509765625,389.945
1091.50012207031,390.732
1089.2685546875,391.553
1086.2734375,392.322
1084.43481445313,393.124
1082.44567871094,393.93
1079.5537109375,394.731
1077.81311035156,395.531
1074.87890625,396.317
1073.93359375,397.136
1071.63793945313,397.954
1068.74462890625,398.759
1067.01586914063,399.532
1065.33642578125,400.323
1063.34204101563,401.124
1061.7158203125,401.932
1059.001953125,402.731
1056.76977539063,403.514
1054.55200195313,404.34
1052.07373046875,405.163
1049.67199707031,405.922
1049.14184570313,406.731
1045.78637695313,407.521
1044.89416503906,408.328
1049.01025390625,409.124
1041.56176757813,409.936
1039.27685546875,410.727
1035.93566894531,411.556
1033.6923828125,412.357
1032.16333007813,413.138
1030.66613769531,413.926
1027.96435546875,414.725
1025.73681640625,415.532
1024.6904296875,416.338
1021.39562988281,417.128
1020.13830566406,417.924
1017.67114257813,418.735
1016.54675292969,419.532
1014.48291015625,420.317
1012.62164306641,421.133
1011.82067871094,421.931
1008.04907226563,422.728
1006.095703125,423.536
1004.19360351563,424.322
1002.14453125,425.122
1000.63507080078,425.932
998.408874511719,426.754
996.665954589844,427.523
995.798217773438,428.328
992.912963867188,429.125
990.68798828125,429.967
991.014465332031,430.724
987.7265625,431.53
985.11669921875,432.332
983.018493652344,433.131
984.34033203125,433.936
979.063110351563,434.72
977.7705078125,435.555
978.635864257813,436.334
974.994018554688,437.126
973.392578125,437.938
972.629028320313,438.729
970.316040039063,439.538
968.621826171875,440.327
965.869018554688,441.132
966.120483398438,441.924
963.953125,442.734
961.149169921875,443.537
959.4501953125,444.33
961.616455078125,445.12
956.335815429688,445.925
953.900634765625,446.721
952.483947753906,447.53
950.497680664063,448.323
948.921447753906,449.138
947.63623046875,449.935
946.25537109375,450.733
944.57470703125,451.564
942.811767578125,452.361
940.674133300781,453.124
938.856567382813,453.925
946.55419921875,454.74
936.457214355469,455.522
933.801147460938,456.337
936.745727539063,457.128
930.716735839844,457.936
929.698791503906,458.735
927.391723632813,459.567
926.4560546875,460.341
923.994262695313,461.131
924.330383300781,461.927
921.691101074219,462.758
919.729858398438,463.559
920.407470703125,464.328
918.58349609375,465.13
915.073974609375,465.961
913.978759765625,466.728
912.018310546875,467.556
910.265747070313,468.367
909.223876953125,469.151
906.406127929688,469.974
908.790893554688,470.748
904.034790039063,471.571
902.648864746094,472.35
902.4072265625,473.172
900.557861328125,473.953
898.220581054688,474.797
901.8828125,475.552
899.68359375,476.366
893.4208984375,477.148
892.369995117188,477.972
890.658264160156,478.749
889.975708007813,479.598
888.336303710938,480.361
885.986938476563,481.198
884.653991699219,481.959
883.167236328125,482.762
892.270629882813,483.557
880.581420898438,484.353
881.179931640625,485.183
878.174072265625,485.958
875.605102539063,486.761
874.032653808594,487.558
873.367431640625,488.354
872.475463867188,489.195
872.27294921875,489.959
869.302368164063,490.797
870.276977539063,491.559
866.21142578125,492.362
865.775634765625,493.162
863.548583984375,493.949
863.243041992188,494.795
861.068115234375,495.55
859.500610351563,496.362
858.11767578125,497.154
858.915161132813,497.964
855.574829101563,498.796
854.138793945313,499.56
853.131225585938,500.367
850.606567382813,501.149
850.086608886719,501.969
850.8251953125,502.777
847.153686523438,503.561
845.820556640625,504.351
846.3095703125,505.166
844.285400390625,505.958
842.039672851563,506.761
841.847045898438,507.589
840.333190917969,508.363
837.238891601563,509.152
840.567260742188,509.968
834.953796386719,510.755
833.392700195313,511.601
832.4365234375,512.351
835.65185546875,513.154
829.64501953125,513.95
838.21533203125,514.766
827.468139648438,515.553
825.784362792969,516.36
824.736206054688,517.185
824.101318359375,517.948
821.95751953125,518.761
823.25439453125,519.559
820.869384765625,520.344
819.756103515625,521.156
817.561889648438,521.941
816.644409179688,522.759
814.894958496094,523.554
815.214233398438,524.349
812.86328125,525.19
810.90771484375,525.951
809.831909179688,526.797
812.769653320313,527.548
807.4560546875,528.356
806.593872070313,529.155
805.85546875,530
803.614562988281,530.748
802.000854492188,531.554
812.294921875,532.354
801.761352539063,533.161
798.954833984375,533.958
797.57568359375,534.787
796.6826171875,535.562
795.810424804688,536.348
794.822326660156,537.155
793.145141601563,537.954
794.09716796875,538.798
792.252197265625,539.558
790.734252929688,540.354
791.070068359375,541.169
786.764038085938,541.946
786.045776367188,542.751
785.266845703125,543.556
784.351989746094,544.394
782.252563476563,545.149
781.555480957031,545.959
779.826538085938,546.761
781.007202148438,547.546
777.740112304688,548.393
777.488098144531,549.157
775.693664550781,549.949
774.581237792969,550.772
774.209167480469,551.555
777.15576171875,552.39
771.82177734375,553.153
770.172241210938,553.952
769.722229003906,554.757
767.527709960938,555.566
766.497009277344,556.346
765.6572265625,557.155
765.185546875,557.99
763.90283203125,558.756
764.114135742188,559.561
761.841918945313,560.356
759.472229003906,561.152
759.941223144531,561.996
758.906372070313,562.751
757.981079101563,563.568
757.004638671875,564.352
754.414245605469,565.155
754.247802734375,565.959
751.864990234375,566.757
751.38720703125,567.559
750.592834472656,568.354
753.264526367188,569.168
749.493286132813,569.953
749.31494140625,570.772
746.437744140625,571.585
745.264892578125,572.354
744.229858398438,573.203
744.503173828125,573.951
743.010864257813,574.772
741.380981445313,575.545
740.490844726563,576.367
739.568969726563,577.197
738.629150390625,577.957
737.063049316406,578.766
735.390930175781,579.57
734.902465820313,580.358
734.172790527344,581.194
732.935119628906,581.964
732.173461914063,582.763
731.871337890625,583.569
730.269165039063,584.353
729.667724609375,585.19
731.101501464844,585.962
727.057006835938,586.76
726.44873046875,587.562
726.725952148438,588.369
724.377319335938,589.158
723.163513183594,589.965
722.604736328125,590.804
722.711791992188,591.551
720.566162109375,592.368
722.747497558594,593.164
718.595336914063,593.963
718.753784179688,594.788
715.972045898438,595.57
715.933349609375,596.345
713.825805664063,597.168
712.622314453125,597.957
712.720336914063,598.793
710.703247070313,599.559
710.03271484375,600.394
713.592590332031,601.162
708.4130859375,601.959
707.762084960938,602.763
707.263061523438,603.546
706.085571289063,604.4
705.799560546875,605.164
705.419494628906,605.951
702.753173828125,606.795
703.664001464844,607.568
703.329711914063,608.354
700.370788574219,609.166
702.181884765625,609.955
698.944702148438,610.769
697.759765625,611.557
696.3740234375,612.396
696.737487792969,613.164
694.660278320313,613.951
694.183776855469,614.756
693.829406738281,615.572
692.998779296875,616.353
690.862365722656,617.167
689.534790039063,617.995
689.56640625,618.757
688.517272949219,619.564
687.642028808594,620.368
686.796936035156,621.167
685.222045898438,621.99
684.674377441406,622.767
684.732299804688,623.561
682.78662109375,624.368
682.1875,625.195
681.629638671875,625.963
681.107299804688,626.768
679.609985351563,627.563
678.432312011719,628.364
678.481079101563,629.166
677.603271484375,629.993
676.23779296875,630.762
675.76513671875,631.56
675.474243164063,632.373
674.839111328125,633.16
672.872985839844,633.997
672.021728515625,634.769
671.190673828125,635.6
669.840698242188,636.367
669.240844726563,637.164
672.606323242188,637.972
667.941772460938,638.77
667.159301757813,639.567
665.680419921875,640.366
664.710083007813,641.171
663.948852539063,641.977
663.153137207031,642.792
662.792846679688,643.566
662.043090820313,644.374
661.479125976563,645.171
659.743896484375,645.955
659.0244140625,646.77
657.963012695313,647.573
657.676025390625,648.404
656.455810546875,649.162
656.243835449219,649.963
655.841918945313,650.775
655.64501953125,651.572
656.372802734375,652.395
652.701049804688,653.162
652.195434570313,653.974
653.19580078125,654.775
653.122863769531,655.572
650.782104492188,656.365
649.205383300781,657.166
648.696105957031,657.976
647.417114257813,658.777
648.197265625,659.56
646.006958007813,660.369
646.146606445313,661.173
644.539916992188,661.973
643.674682617188,662.807
644.198608398438,663.565
642.393005371094,664.369
641.960876464844,665.173
640.425537109375,665.976
639.532958984375,666.8
639.280639648438,667.564
638.1005859375,668.37
636.542297363281,669.207
636.01025390625,669.977
635.201416015625,670.804
635.294006347656,671.568
634.991088867188,672.373
633.439453125,673.173
633.747802734375,673.974
632.052429199219,674.775
631.595092773438,675.575
630.333251953125,676.361
630.109985351563,677.171
629.235229492188,677.973
628.78857421875,678.775
628.202270507813,679.564
626.659790039063,680.366
626.006713867188,681.166
625.935546875,681.973
624.8046875,682.773
623.973510742188,683.606
623.494262695313,684.356
623.127197265625,685.162
622.107543945313,685.959
621.65576171875,686.769
620.400756835938,687.595
623.731323242188,688.363
618.656616210938,689.178
618.101684570313,689.957
618.806640625,690.746
618.833923339844,691.548
615.76806640625,692.38
615.977294921875,693.148
615.018432617188,693.971
613.613037109375,694.729
613.700073242188,695.568
612.3046875,696.334
612.414184570313,697.16
610.660034179688,697.938
610.446044921875,698.735
613.825927734375,699.526
608.494201660156,700.359
609.748291015625,701.163
609.953308105469,701.927
607.477783203125,702.724
606.208190917969,703.525
614.60888671875,704.328
605.115844726563,705.156
604.019287109375,705.922
603.400390625,706.752
602.680541992188,707.519
602.617065429688,708.325
601.251708984375,709.157
600.873657226563,709.927
603.527709960938,710.73
600.055358886719,711.529
598.554443359375,712.32
598.242553710938,713.124
597.744384765625,713.923
596.815368652344,714.761
596.44921875,715.523
595.8388671875,716.327
594.955383300781,717.131
595.048400878906,717.932
594.416870117188,718.765
593.9375,719.531
592.117919921875,720.325
591.614501953125,721.123
591.092529296875,721.923
590.029418945313,722.752
589.015930175781,723.525
589.860229492188,724.324
587.845581054688,725.124
587.07568359375,725.936
587.376098632813,726.766
585.673095703125,727.536
586.801025390625,728.335
585.031616210938,729.127
584.608032226563,729.932
583.80810546875,730.722
582.890991210938,731.518
582.263488769531,732.33
581.590270996094,733.12
581.506225585938,733.925
580.936645507813,734.727
580.145263671875,735.528
579.925048828125,736.33
578.373962402344,737.13
577.869384765625,737.934
577.50244140625,738.734
576.312805175781,739.566
575.923217773438,740.334
575.056274414063,741.137
574.5888671875,741.931
574.463256835938,742.734
574.681823730469,743.532
572.610168457031,744.329
572.238403320313,745.129
571.683532714844,745.931
570.9033203125,746.727
570.312683105469,747.525
570.121826171875,748.332
570.120300292969,749.153
568.172058105469,749.934
567.538452148438,750.723
567.530700683594,751.524
566.648864746094,752.36
565.947265625,753.135
565.522583007813,753.926
564.823547363281,754.726
564.384887695313,755.532
564.263305664063,756.321
563.0654296875,757.122
563.313171386719,757.932
562.0595703125,758.729
561.555114746094,759.525
560.936279296875,760.333
560.352172851563,761.125
559.962646484375,761.926
559.885620117188,762.729
558.3154296875,763.533
558.698791503906,764.329
557.403564453125,765.132
557.337646484375,765.927
556.779663085938,766.76
556.038208007813,767.524
555.076538085938,768.331
554.556518554688,769.126
554.320983886719,769.927
553.298828125,770.732
553.177124023438,771.523
552.3671875,772.331
552.372253417969,773.128
551.604125976563,773.928
551.440673828125,774.739
550.108520507813,775.526
550.555725097656,776.345
550.0634765625,777.137
548.032104492188,777.934
547.922424316406,778.743
547.428894042969,779.531
546.559326171875,780.34
546.4521484375,781.139
545.472473144531,781.926
546.796264648438,782.74
546.130920410156,783.531
543.789428710938,784.338
543.322204589844,785.123
543.201904296875,785.931
541.66748046875,786.733
543.28173828125,787.531
540.894287109375,788.345
541.148193359375,789.13
540.179504394531,789.95
539.9638671875,790.731
539.4814453125,791.509
538.931640625,792.331
538.418823242188,793.099
537.389526367188,793.899
536.533813476563,794.701
535.737915039063,795.504
537.122436523438,796.296
534.953125,797.109
534.449340820313,797.901
534.228271484375,798.712
533.499816894531,799.495
532.709228515625,800.309
532.259826660156,801.093
531.658813476563,801.898
531.45166015625,802.699
532.487548828125,803.502
530.421142578125,804.304
530.232543945313,805.13
529.412536621094,805.913
529.013427734375,806.69
528.8603515625,807.509
527.605834960938,808.29
527.4130859375,809.112
526.233642578125,809.898
525.850952148438,810.713
525.502258300781,811.511
525.063293457031,812.293
526.385437011719,813.128
524.279907226563,813.923
524.231689453125,814.703
524.345092773438,815.535
522.814208984375,816.325
522.766357421875,817.103
522.3955078125,817.895
520.471496582031,818.733
521.899658203125,819.501
519.44091796875,820.335
519.650329589844,821.102
518.562255859375,821.9
518.96630859375,822.694
517.757934570313,823.507
517.186645507813,824.296
517.091552734375,825.136
516.542419433594,825.898
515.99658203125,826.692
515.420532226563,827.509
516.091430664063,828.311
514.1865234375,829.092
515.8974609375,829.906
513.946411132813,830.731
513.151977539063,831.504
